0.0000000 0.0000000 0.0000000
5.0000000 0.0000000 0.0000000
0.0000000 5.0000000 0.0000000

0.0000000 0.0000000 0.0000000
10.0000000 0.0000000 0.0000000
0.0000000 10.0000000 0.0000000

20.0000000 0.0000000 0.0000000
30.0000000 0.0000000 0.0000000
20.0000000 10.0000000 0.0000000

Rod 1.5707963 0.0000000 1.0000000
Rod 1.5707963 0.0000000 1.0000000
Rod 1.5707963 0.0000000 1.0000000
vec 0.0000000 1.0000000 0.0000000
vec -1.0000000 0.0000000 0.0000000
vec 0.0000000 0.0000000 1.0000000
20.0000000 0.0000000 0.0000000
20.0000000 10.0000000 0.0000000
10.0000000 0.0000000 0.0000000

20.0000000 0.0000000 0.0000000
20.0000000 20.0000000 0.0000000
0.0000000 0.0000000 0.0000000

40.0000000 0.0000000 0.0000000
50.0000000 0.0000000 0.0000000
40.0000000 10.0000000 0.0000000

Rod -1.5707963 0.0000000 -1.0000000
Rod -1.5707963 0.0000000 -1.0000000
Rod -1.5707963 0.0000000 -1.0000000
vec 0.0000000 0.0000000 1.0000000
vec 0.0000000 1.0000000 0.0000000
vec -1.0000000 0.0000000 0.0000000
40.0000000 0.0000000 0.0000000
40.0000000 0.0000000 10.0000000
40.0000000 10.0000000 0.0000000

20.0000000 0.0000000 0.0000000
30.0000000 0.0000000 0.0000000
20.0000000 10.0000000 0.0000000

Rod 1.0471976 0.5000000 0.8660254
Rod 1.0471976 0.5000000 0.8660254
Rod 1.0471976 0.5000000 0.8660254
vec 0.7500000 0.2500000 -0.6123724
vec 0.2500000 0.7500000 0.6123724
vec 0.6123724 -0.6123724 0.5000000
IN ROTATE`````````````````````````
0.7500000 0.2500000 -0.6123724
0.2500000 0.7500000 0.6123724
0.6123724 -0.6123724 0.5000000

0.7500000 0.2500000 -0.6123724
0.2500000 0.7500000 0.6123724
0.6123724 -0.6123724 0.5000000

IN ROTATE`````````````````````````
faulty triangle`````````````````````````
2
0.7500000 0.2500000 -0.6123724
0.2500000 0.7500000 0.6123724
0.6123724 -0.6123724 0.5000000

0.0000000 0.0000000 0.0000000
5.0000000 0.0000000 0.0000000
0.0000000 5.0000000 0.0000000

faulty triangle`````````````````````````
0.0000000 0.0000000 0.0000000
3.7500000 1.2500000 -3.0618622
1.2500000 3.7500000 3.0618622

Rod 0.7853982 0.7071068 0.7071068
Rod 0.7853982 0.7071068 0.7071068
Rod 0.7853982 0.7071068 0.7071068
vec 0.8047379 0.5058794 -0.3106172
vec -0.3106172 0.8047379 0.5058794
vec 0.5058794 -0.3106172 0.8047379
0.0000000 0.0000000 0.0000000
4.0236893 2.5293968 -1.5530861
-1.5530861 4.0236893 2.5293968

Rod 0.5235988 0.8660254 0.5000000
Rod 0.5235988 0.8660254 0.5000000
Rod 0.5235988 0.8660254 0.5000000
vec 0.8755950 0.4200311 -0.2385524
vec -0.3817526 0.9043039 0.1910483
vec 0.2959701 -0.0762129 0.9521519
0.0000000 0.0000000 0.0000000
4.3779751 2.1001555 -1.1927620
-1.9087632 4.5215193 0.9552415

Rod 1.0471976 0.5000000 0.8660254
Rod 1.0471976 0.5000000 0.8660254
Rod 1.0471976 0.5000000 0.8660254
vec 0.5689655 -0.7467158 -0.3445196
vec 0.5398192 0.6551724 -0.5285303
vec 0.6203817 0.1147372 0.7758621
IN ROTATE`````````````````````````
0.5689655 -0.7467158 -0.3445196
0.5398192 0.6551724 -0.5285303
0.6203817 0.1147372 0.7758621

0.5689655 -0.7467158 -0.3445196
0.5398192 0.6551724 -0.5285303
0.6203817 0.1147372 0.7758621

IN ROTATE`````````````````````````
0.0000000 0.0000000 0.0000000
2.8448276 -3.7335790 -1.7225980
2.6990962 3.2758621 -2.6426516

